[gd_scene load_steps=3 format=3 uid="uid://b43jn00ys25q4"]

[ext_resource type="PackedScene" uid="uid://7y04cohul3up" path="res://Track/TankTrackPath3D_Original_Template.tscn" id="1_23kbl"]
[ext_resource type="PackedScene" uid="uid://crothbg7crxno" path="res://BlenderFiles/Tracks.blend" id="2_hqyb5"]

[node name="Demo_Tracks_002" type="Node3D"]

[node name="TankTrackPath3D" parent="." instance=ExtResource("1_23kbl")]
speed = 1.265

[node name="PathFollow3D_Node" type="PathFollow3D" parent="TankTrackPath3D"]
transform = Transform3D(-4.37103e-08, 0.208796, 0.977788, 0, 0.977788, -0.208796, -0.999976, -9.12677e-09, -4.27405e-08, -0.74308, -0.250335, 0)
progress = 4.1798

[node name="Tracks" parent="TankTrackPath3D/PathFollow3D_Node" instance=ExtResource("2_hqyb5")]
transform = Transform3D(-4.37114e-08, 0, 1, 0, 1, 0, -1, 0, -4.37114e-08, 0, 0, 0)

[node name="PathFollow3D_Node2" type="PathFollow3D" parent="TankTrackPath3D"]
transform = Transform3D(5.4762e-08, 0.571017, 0.820735, -2.98016e-08, 0.820735, -0.571017, -0.999976, 6.81095e-09, 6.19637e-08, -0.909977, -0.186055, 0)
progress = 4.3598

[node name="PathFollow3D_Node3" type="PathFollow3D" parent="TankTrackPath3D"]
transform = Transform3D(5.05765e-08, 0.993493, 0.112434, -2.98015e-08, 0.112434, -0.993493, -0.999976, 4.68978e-08, 3.5295e-08, -0.998063, -0.0358857, 0)
progress = 4.5398

[node name="PathFollow3D_Node4" type="PathFollow3D" parent="TankTrackPath3D"]
transform = Transform3D(1.15138e-07, 0.816923, -0.576458, -5.04027e-08, -0.576458, -0.816923, -0.999976, 1.23117e-07, -2.51978e-08, -0.958308, 0.135622, 0)
progress = 0.144047

[node name="PathFollow3D_Node5" type="PathFollow3D" parent="TankTrackPath3D"]
transform = Transform3D(8.12027e-08, 0.428803, -0.903216, -7.89727e-08, -0.903216, -0.428803, -0.999976, 1.06152e-07, -3.94808e-08, -0.81786, 0.244719, 0)
progress = 0.324047

[node name="PathFollow3D_Node6" type="PathFollow3D" parent="TankTrackPath3D"]
transform = Transform3D(6.40448e-08, 0.232566, -0.97241, -8.50228e-08, -0.97241, -0.232566, -0.999976, 9.75741e-08, -4.25054e-08, -0.647592, 0.302146, 0)
progress = 0.504047

[node name="PathFollow3D_Node7" type="PathFollow3D" parent="TankTrackPath3D"]
transform = Transform3D(-8.67896e-08, 0.129165, -0.991458, 8.66881e-08, -0.991458, -0.129165, -0.999976, -9.71601e-08, 7.4853e-08, -0.470492, 0.333856, 0)
progress = 0.684048

[node name="PathFollow3D_Node8" type="PathFollow3D" parent="TankTrackPath3D"]
transform = Transform3D(1.68657e-07, 0.0656509, -0.997676, -8.7232e-08, -0.997676, -0.0656509, -0.999976, 9.81041e-08, -1.62542e-07, -0.291341, 0.350988, 0)
progress = 0.864046

[node name="PathFollow3D_Node9" type="PathFollow3D" parent="TankTrackPath3D"]
transform = Transform3D(1.64871e-07, 0.0223456, -0.999584, -8.73988e-08, -0.999584, -0.0223456, -0.999976, 9.10488e-08, -1.62853e-07, -0.111521, 0.358687, 0)
progress = 1.04405

[node name="PathFollow3D_Node10" type="PathFollow3D" parent="TankTrackPath3D"]
transform = Transform3D(4.28172e-08, -0.0102151, -0.999782, -8.74161e-08, -0.999782, 0.0102151, -0.999976, 8.69618e-08, -4.37019e-08, 0.0684809, 0.359706, 0)
progress = 1.22405

[node name="PathFollow3D_Node11" type="PathFollow3D" parent="TankTrackPath3D"]
transform = Transform3D(3.9427e-08, -0.0489888, -0.998632, -8.73157e-08, -0.998632, 0.0489888, -0.999976, 8.52668e-08, -4.36516e-08, 0.248396, 0.354567, 0)
progress = 1.40405

[node name="PathFollow3D_Node12" type="PathFollow3D" parent="TankTrackPath3D"]
transform = Transform3D(3.45428e-08, -0.104849, -0.99432, -8.69387e-08, -0.99432, 0.104849, -0.999976, 8.2825e-08, -4.34631e-08, 0.427863, 0.341058, 0)
progress = 1.58405

[node name="PathFollow3D_Node13" type="PathFollow3D" parent="TankTrackPath3D"]
transform = Transform3D(-9.2414e-08, -0.193491, -0.980932, -8.57681e-08, -0.980932, 0.193491, -0.999976, 1.02016e-07, 7.40583e-08, 0.60589, 0.314893, 0)
progress = 1.76405

[node name="PathFollow3D_Node14" type="PathFollow3D" parent="TankTrackPath3D"]
transform = Transform3D(1.25307e-08, -0.356602, -0.934078, -8.16713e-08, -0.934078, 0.356602, -0.999976, 7.18206e-08, -4.08298e-08, 0.779199, 0.267067, 0)
progress = 1.94405

[node name="PathFollow3D_Node15" type="PathFollow3D" parent="TankTrackPath3D"]
transform = Transform3D(-1.77951e-08, -0.70344, -0.710521, -6.21245e-08, -0.710521, 0.70344, -0.999976, 5.66599e-08, -3.10579e-08, 0.932657, 0.175435, 0)
progress = 2.12405

[node name="PathFollow3D_Node16" type="PathFollow3D" parent="TankTrackPath3D"]
transform = Transform3D(-4.37103e-08, -0.999835, -4.37042e-08, 0, -4.37042e-08, 0.999835, -0.999976, 4.37042e-08, 1.91037e-15, 1.00035, 0.0140327, 0)
progress = 2.30405

[node name="PathFollow3D_Node17" type="PathFollow3D" parent="TankTrackPath3D"]
transform = Transform3D(-4.37103e-08, -0.634775, 0.772484, 0, 0.772484, 0.634775, -0.999976, 2.77469e-08, -3.37664e-08, 0.926132, -0.142867, 0)
progress = 2.48405

[node name="PathFollow3D_Node18" type="PathFollow3D" parent="TankTrackPath3D"]
transform = Transform3D(-1.62917e-07, -0.285856, 0.9581, 0, 0.9581, 0.285856, -0.999976, 4.65718e-08, -1.56094e-07, 0.76512, -0.220714, 0)
progress = 2.66405

[node name="PathFollow3D_Node19" type="PathFollow3D" parent="TankTrackPath3D"]
transform = Transform3D(-1.61818e-07, -0.145811, 0.989147, -7.4504e-09, 0.989147, 0.145811, -0.999976, 1.62258e-08, -1.61152e-07, 0.589153, -0.257933, 0)
progress = 2.84405

[node name="PathFollow3D_Node20" type="PathFollow3D" parent="TankTrackPath3D"]
transform = Transform3D(-2.81843e-07, -0.0751111, 0.99701, -3.7252e-09, 0.99701, 0.0751111, -0.999976, 1.74559e-08, -2.81286e-07, 0.410227, -0.277207, 0)
progress = 3.02405

[node name="PathFollow3D_Node21" type="PathFollow3D" parent="TankTrackPath3D"]
transform = Transform3D(-1.62855e-07, -0.0329064, 0.999291, -1.8626e-09, 0.999291, 0.0329064, -0.999976, 3.49778e-09, -1.62805e-07, 0.230491, -0.286643, 0)
progress = 3.20405

[node name="PathFollow3D_Node22" type="PathFollow3D" parent="TankTrackPath3D"]
transform = Transform3D(-4.37103e-08, -0.00501023, 0.999821, 0, 0.999821, 0.00501023, -0.999976, 2.19004e-10, -4.37036e-08, 0.0505223, -0.2899, 0)
progress = 3.38405

[node name="PathFollow3D_Node23" type="PathFollow3D" parent="TankTrackPath3D"]
transform = Transform3D(7.54934e-08, 0.00579687, 0.999816, -4.6565e-10, 0.999816, -0.00579687, -0.999976, -2.79403e-11, 7.5484e-08, -0.129483, -0.289649, 0)
progress = 3.56405

[node name="PathFollow3D_Node24" type="PathFollow3D" parent="TankTrackPath3D"]
transform = Transform3D(7.54544e-08, 0.0223918, 0.999583, -1.8626e-09, 0.999583, -0.0223918, -0.999976, -1.7227e-10, 7.54664e-08, -0.309466, -0.287311, 0)
progress = 3.74405

[node name="PathFollow3D_Node25" type="PathFollow3D" parent="TankTrackPath3D"]
transform = Transform3D(-1.62807e-07, 0.0587598, 0.998103, 1.8626e-09, 0.998103, -0.0587598, -0.999976, -7.70764e-09, -1.62612e-07, -0.489323, -0.280429, 0)
progress = 3.92405

[node name="PathFollow3D_Node26" type="PathFollow3D" parent="TankTrackPath3D"]
transform = Transform3D(-1.61847e-07, 0.142048, 0.989691, 7.4504e-09, 0.989691, -0.142048, -0.999976, -1.56169e-08, -1.61241e-07, -0.668469, -0.263445, 0)
progress = 4.10405

[node name="TankTrackPath3D3" parent="." instance=ExtResource("1_23kbl")]
transform = Transform3D(1, 0, 0, 0, 1, 0, 0, 0, 1, 0, 0, -2.3)
speed = -0.105

[node name="PathFollow3D_Node" type="PathFollow3D" parent="TankTrackPath3D3"]
transform = Transform3D(-2.11105e-08, -0.994476, 0.103367, 5.9603e-08, 0.103367, 0.994476, -0.999976, 2.71554e-08, 5.7093e-08, 0.999105, -0.011687, 0)
progress = 2.32979

[node name="Tracks" parent="TankTrackPath3D3/PathFollow3D_Node" instance=ExtResource("2_hqyb5")]
transform = Transform3D(-4.37114e-08, 0, 1, 0, 1, 0, -1, 0, -4.37114e-08, 0, 0, 0)

[node name="PathFollow3D_Node2" type="PathFollow3D" parent="TankTrackPath3D3"]
transform = Transform3D(-4.37103e-08, -0.562645, 0.826496, 0, 0.826496, 0.562645, -0.999976, 2.4594e-08, -3.61273e-08, 0.905518, -0.158261, 0)
progress = 2.50979

[node name="PathFollow3D_Node3" type="PathFollow3D" parent="TankTrackPath3D3"]
transform = Transform3D(7.1513e-08, -0.258199, 0.965918, 1.49008e-08, 0.965918, 0.258199, -0.999976, -4.07171e-09, 7.29248e-08, 0.740351, -0.227708, 0)
progress = 2.68979

[node name="PathFollow3D_Node4" type="PathFollow3D" parent="TankTrackPath3D3"]
transform = Transform3D(7.44966e-08, -0.132939, 0.990955, 7.4504e-09, 0.990955, 0.132939, -0.999976, -2.52052e-09, 7.4815e-08, 0.563665, -0.261518, 0)
progress = 2.86979

[node name="PathFollow3D_Node5" type="PathFollow3D" parent="TankTrackPath3D3"]
transform = Transform3D(7.52429e-08, -0.0678067, 0.997531, 3.7252e-09, 0.997531, 0.0678067, -0.999976, -1.386e-09, 7.53115e-08, 0.384553, -0.279046, 0)
progress = 3.04979

[node name="PathFollow3D_Node6" type="PathFollow3D" parent="TankTrackPath3D3"]
transform = Transform3D(-1.62864e-07, -0.0282332, 0.999437, -1.8626e-09, 0.999437, 0.0282332, -0.999976, 2.73668e-09, -1.62829e-07, 0.204759, -0.28743, 0)
progress = 3.22979

[node name="PathFollow3D_Node7" type="PathFollow3D" parent="TankTrackPath3D3"]
transform = Transform3D(-4.37103e-08, -0.00178461, 0.999831, 0, 0.999831, 0.00178461, -0.999976, 7.80077e-11, -4.3704e-08, 0.0247838, -0.289987, 0)
progress = 3.40979

[node name="PathFollow3D_Node8" type="PathFollow3D" parent="TankTrackPath3D3"]
transform = Transform3D(-4.37103e-08, 0.00741748, 0.999806, 0, 0.999806, -0.00741748, -0.999976, -3.24228e-10, -4.37029e-08, -0.155221, -0.289479, 0)
progress = 3.58979

[node name="PathFollow3D_Node9" type="PathFollow3D" parent="TankTrackPath3D3"]
transform = Transform3D(-4.37103e-08, 0.0260278, 0.999496, 0, 0.999496, -0.0260278, -0.999976, -1.13771e-09, -4.36894e-08, -0.335198, -0.286688, 0)
progress = 3.76979

[node name="PathFollow3D_Node10" type="PathFollow3D" parent="TankTrackPath3D3"]
transform = Transform3D(-4.37103e-08, 0.0667409, 0.997605, 0, 0.997605, -0.0667409, -0.999976, -2.91734e-09, -4.36067e-08, -0.515014, -0.278815, 0)
progress = 3.94979

[node name="PathFollow3D_Node11" type="PathFollow3D" parent="TankTrackPath3D3"]
transform = Transform3D(-4.49305e-08, 0.161591, 0.986689, -7.4504e-09, 0.986689, -0.161591, -0.999976, -1.4612e-08, -4.31296e-08, -0.693918, -0.259541, 0)
progress = 4.12979

[node name="PathFollow3D_Node12" type="PathFollow3D" parent="TankTrackPath3D3"]
transform = Transform3D(-1.55856e-07, 0.428139, 0.903527, 1.49008e-08, 0.903527, -0.428139, -0.999976, -5.32661e-08, -1.47203e-07, -0.866627, -0.21089, 0)
progress = 4.30979

[node name="PathFollow3D_Node13" type="PathFollow3D" parent="TankTrackPath3D3"]
transform = Transform3D(-7.34433e-08, 0.948596, 0.315956, 2.98016e-08, 0.315956, -0.948596, -0.999976, -6.02535e-08, -5.14757e-08, -0.987563, -0.0846936, 0)
progress = 4.48979

[node name="PathFollow3D_Node14" type="PathFollow3D" parent="TankTrackPath3D3"]
transform = Transform3D(-9.57976e-08, 0.923787, -0.38247, 5.77597e-08, -0.38247, -0.923787, -0.999976, -1.10591e-07, -1.67183e-08, -0.982588, 0.0917822, 0)
progress = 0.0940302

[node name="PathFollow3D_Node15" type="PathFollow3D" parent="TankTrackPath3D3"]
transform = Transform3D(-3.4078e-08, 0.515096, -0.85694, 1.29413e-07, -0.85694, -0.515096, -0.999976, -1.28455e-07, -3.7458e-08, -0.861973, 0.221188, 0)
progress = 0.27403

[node name="PathFollow3D_Node16" type="PathFollow3D" parent="TankTrackPath3D3"]
transform = Transform3D(6.7668e-08, 0.274004, -0.961556, -8.40738e-08, -0.961556, -0.274004, -0.999976, 9.93854e-08, -4.2031e-08, -0.695993, 0.289504, 0)
progress = 0.45403

[node name="PathFollow3D_Node17" type="PathFollow3D" parent="TankTrackPath3D3"]
transform = Transform3D(-8.88352e-08, 0.15256, -0.988126, 8.6397e-08, -0.988126, -0.15256, -0.999976, -9.89261e-08, 7.46014e-08, -0.520011, 0.326823, 0)
progress = 0.63403

[node name="PathFollow3D_Node18" type="PathFollow3D" parent="TankTrackPath3D3"]
transform = Transform3D(5.07691e-08, 0.0807308, -0.996568, -8.71352e-08, -0.996568, -0.0807308, -0.999976, 9.0937e-08, -4.35614e-08, -0.341224, 0.347333, 0)
progress = 0.81403

[node name="PathFollow3D_Node19" type="PathFollow3D" parent="TankTrackPath3D3"]
transform = Transform3D(4.65917e-08, 0.0329548, -0.99929, -8.73732e-08, -0.99929, -0.0329548, -0.999976, 8.88487e-08, -4.36804e-08, -0.161518, 0.357308, 0)
progress = 0.99403

[node name="PathFollow3D_Node20" type="PathFollow3D" parent="TankTrackPath3D3"]
transform = Transform3D(4.35862e-08, -0.00142003, -0.999834, -8.74206e-08, -0.999834, 0.00142003, -0.999976, 8.73463e-08, -4.37041e-08, 0.0184615, 0.359994, 0)
progress = 1.17403

[node name="PathFollow3D_Node21" type="PathFollow3D" parent="TankTrackPath3D3"]
transform = Transform3D(-7.8722e-08, -0.0368951, -0.999153, -8.73611e-08, -0.999153, 0.0368951, -0.999976, 9.01938e-08, 7.5434e-08, 0.198426, 0.35671, 0)
progress = 1.35403

[node name="PathFollow3D_Node22" type="PathFollow3D" parent="TankTrackPath3D3"]
transform = Transform3D(3.6107e-08, -0.0869601, -0.996045, -8.70894e-08, -0.996045, 0.0869601, -0.999976, 8.36071e-08, -4.35385e-08, 0.378073, 0.345847, 0)
progress = 1.53403

[node name="PathFollow3D_Node23" type="PathFollow3D" parent="TankTrackPath3D3"]
transform = Transform3D(2.93729e-08, -0.163977, -0.986294, -8.6237e-08, -0.986294, 0.163977, -0.999976, 8.02405e-08, -4.31123e-08, 0.556675, 0.323814, 0)
progress = 1.71403

[node name="PathFollow3D_Node24" type="PathFollow3D" parent="TankTrackPath3D3"]
transform = Transform3D(1.75531e-08, -0.299162, -0.954029, -8.34157e-08, -0.954029, 0.299162, -0.999976, 7.43316e-08, -4.1702e-08, 0.73194, 0.283418, 0)
progress = 1.89403

[node name="PathFollow3D_Node25" type="PathFollow3D" parent="TankTrackPath3D3"]
transform = Transform3D(1.22924e-08, -0.581314, -0.813475, 1.22849e-07, -0.813475, 0.581314, -0.999976, -1.07083e-07, 6.14157e-08, 0.894343, 0.207493, 0)
progress = 2.07403

[node name="PathFollow3D_Node26" type="PathFollow3D" parent="TankTrackPath3D3"]
transform = Transform3D(-4.18045e-08, -0.978036, -0.207632, -1.81544e-08, -0.207632, 0.978036, -0.999976, 4.46568e-08, -9.07588e-09, 0.995306, 0.0636976, 0)
progress = 2.25403

[node name="TankTrackPath3D2" parent="." instance=ExtResource("1_23kbl")]
transform = Transform3D(-0.866025, 0.5, 3.78552e-08, 4.37114e-08, 1.91069e-15, 1, 0.5, 0.866025, -2.18557e-08, -0.8, 0.9, -2)
speed = 1.45

[node name="PathFollow3D_Node" type="PathFollow3D" parent="TankTrackPath3D2"]
transform = Transform3D(7.54954e-08, 0.00563011, 0.999818, -2.32827e-10, 0.999818, -0.00563011, -0.999985, 1.92266e-10, 7.54842e-08, -0.126665, -0.289665, 0)
progress = 3.56123

[node name="Tracks" parent="TankTrackPath3D2/PathFollow3D_Node" instance=ExtResource("2_hqyb5")]
transform = Transform3D(-4.37114e-08, 0, 1, 0, 1, 0, -1, 0, -4.37114e-08, 0, 0, 0)

[node name="PathFollow3D_Node2" type="PathFollow3D" parent="TankTrackPath3D2"]
transform = Transform3D(-4.37107e-08, 0.0220151, 0.999591, 0, 0.999591, -0.0220151, -0.999985, -9.62311e-10, -4.36935e-08, -0.306648, -0.287373, 0)
progress = 3.74123

[node name="PathFollow3D_Node3" type="PathFollow3D" parent="TankTrackPath3D2"]
transform = Transform3D(-4.36026e-08, 0.0579446, 0.998153, 1.86262e-09, 0.998153, -0.0579446, -0.999985, -6.67368e-10, -4.36306e-08, -0.486514, -0.280593, 0)
progress = 3.92123

[node name="PathFollow3D_Node4" type="PathFollow3D" parent="TankTrackPath3D2"]
transform = Transform3D(-4.37107e-08, 0.140106, 0.989968, 0, 0.989968, -0.140106, -0.999985, -6.12421e-09, -4.32729e-08, -0.665694, -0.26384, 0)
progress = 4.10123

[node name="PathFollow3D_Node5" type="PathFollow3D" parent="TankTrackPath3D2"]
transform = Transform3D(-4.37107e-08, 0.363282, 0.931499, 0, 0.931499, -0.363282, -0.999985, -1.58796e-08, -4.07171e-08, -0.840402, -0.222161, 0)
progress = 4.28123

[node name="PathFollow3D_Node6" type="PathFollow3D" parent="TankTrackPath3D2"]
transform = Transform3D(-2.2337e-07, 0.893424, 0.448841, 8.94056e-08, 0.448841, -0.893424, -0.999985, -1.59438e-07, -1.80138e-07, -0.976652, -0.111058, 0)
progress = 4.46123

[node name="PathFollow3D_Node7" type="PathFollow3D" parent="TankTrackPath3D2"]
transform = Transform3D(-2.87332e-07, 0.965361, -0.260278, -3.93069e-08, -0.260278, -0.965361, -0.999985, -2.67152e-07, 1.12733e-07, -0.991769, 0.0647682, 0)
progress = 0.0654764

[node name="PathFollow3D_Node8" type="PathFollow3D" parent="TankTrackPath3D2"]
transform = Transform3D(1.10236e-08, 0.572912, -0.819414, -1.23747e-07, -0.819414, -0.572912, -0.999985, 1.07717e-07, 6.1864e-08, -0.885927, 0.205673, 0)
progress = 0.245477

[node name="PathFollow3D_Node9" type="PathFollow3D" parent="TankTrackPath3D2"]
transform = Transform3D(7.006e-08, 0.301355, -0.953337, -8.3356e-08, -0.953337, -0.301355, -0.999985, 1.00581e-07, -4.16717e-08, -0.723339, 0.281296, 0)
progress = 0.425473

[node name="PathFollow3D_Node10" type="PathFollow3D" parent="TankTrackPath3D2"]
transform = Transform3D(5.83545e-08, 0.16748, -0.985706, -8.61863e-08, -0.985706, -0.16748, -0.999985, 9.4729e-08, -4.30866e-08, -0.548201, 0.322256, 0)
progress = 0.605474

[node name="PathFollow3D_Node11" type="PathFollow3D" parent="TankTrackPath3D2"]
transform = Transform3D(-6.76171e-08, 0.0901188, -0.995764, -8.70656e-08, -0.995764, -0.0901188, -0.999985, 8.06045e-08, 7.51781e-08, -0.369676, 0.344895, 0)
progress = 0.785474

[node name="PathFollow3D_Node12" type="PathFollow3D" parent="TankTrackPath3D2"]
transform = Transform3D(-7.20471e-08, 0.0394532, -0.999054, -8.73534e-08, -0.999054, -0.0394532, -0.999985, 8.44295e-08, 7.54264e-08, -0.190053, 0.356274, 0)
progress = 0.965474

[node name="PathFollow3D_Node13" type="PathFollow3D" parent="TankTrackPath3D2"]
transform = Transform3D(4.40083e-08, 0.00340275, -0.999827, -8.7421e-08, -0.999827, -0.00340275, -0.999985, 8.75569e-08, -4.37038e-08, -0.0100999, 0.359966, 0)
progress = 1.14547

[node name="PathFollow3D_Node14" type="PathFollow3D" parent="TankTrackPath3D2"]
transform = Transform3D(-7.81625e-08, -0.0304874, -0.999367, -8.73808e-08, -0.999367, 0.0304874, -0.999985, 8.97098e-08, 7.54501e-08, 0.169881, 0.357672, 0)
progress = 1.32547

[node name="PathFollow3D_Node15" type="PathFollow3D" parent="TankTrackPath3D2"]
transform = Transform3D(3.69203e-08, -0.077662, -0.996811, -8.71573e-08, -0.996811, 0.077662, -0.999985, 8.40134e-08, -4.3572e-08, 0.349615, 0.348196, 0)
progress = 1.50548

[node name="PathFollow3D_Node16" type="PathFollow3D" parent="TankTrackPath3D2"]
transform = Transform3D(-8.85307e-08, -0.149068, -0.988658, -8.64444e-08, -0.988658, 0.149068, -0.999985, 9.86625e-08, 7.46416e-08, 0.528473, 0.328282, 0)
progress = 1.68548

[node name="PathFollow3D_Node17" type="PathFollow3D" parent="TankTrackPath3D2"]
transform = Transform3D(1.99875e-08, -0.271321, -0.962316, -8.41411e-08, -0.962316, 0.271321, -0.999985, 7.55484e-08, -4.20642e-08, 0.704571, 0.291557, 0)
progress = 1.86548

[node name="PathFollow3D_Node18" type="PathFollow3D" parent="TankTrackPath3D2"]
transform = Transform3D(-1.1611e-07, -0.520431, -0.85371, 1.28926e-07, -0.85371, 0.520431, -0.999985, -4.96391e-08, 1.66223e-07, 0.870506, 0.22321, 0)
progress = 2.04548

[node name="PathFollow3D_Node19" type="PathFollow3D" parent="TankTrackPath3D2"]
transform = Transform3D(-5.25235e-08, -0.941477, -0.33658, 5.08299e-08, -0.33658, 0.941477, -0.999985, 3.23418e-08, 6.55345e-08, 0.987538, 0.091152, 0)
progress = 2.22548

[node name="PathFollow3D_Node20" type="PathFollow3D" parent="TankTrackPath3D2"]
transform = Transform3D(-4.37107e-08, -0.873633, 0.486245, 0, 0.486245, 0.873633, -0.999985, 3.81877e-08, -2.12544e-08, 0.976879, -0.0834795, 0)
progress = 2.40548

[node name="PathFollow3D_Node21" type="PathFollow3D" parent="TankTrackPath3D2"]
transform = Transform3D(-4.37107e-08, -0.39763, 0.917363, 0, 0.917363, 0.39763, -0.999985, 1.7381e-08, -4.00992e-08, 0.839025, -0.194171, 0)
progress = 2.58547

[node name="PathFollow3D_Node22" type="PathFollow3D" parent="TankTrackPath3D2"]
transform = Transform3D(7.25507e-08, -0.19392, 0.980847, 1.49009e-08, 0.980847, 0.19392, -0.999985, 5.46471e-10, 7.40519e-08, 0.666605, -0.24468, 0)
progress = 2.76547

[node name="PathFollow3D_Node23" type="PathFollow3D" parent="TankTrackPath3D2"]
transform = Transform3D(7.54968e-08, -0.101073, 0.994712, 0, 0.994712, 0.101073, -0.999985, -7.63081e-09, 7.50986e-08, 0.488498, -0.270324, 0)
progress = 2.94547

[node name="PathFollow3D_Node24" type="PathFollow3D" parent="TankTrackPath3D2"]
transform = Transform3D(-4.36193e-08, -0.0490173, 0.998631, -1.86262e-09, 0.998631, 0.0490173, -0.999985, 2.78035e-10, -4.36515e-08, 0.308996, -0.283444, 0)
progress = 3.12547

[node name="PathFollow3D_Node25" type="PathFollow3D" parent="TankTrackPath3D2"]
transform = Transform3D(-4.37107e-08, -0.0159203, 0.999706, 0, 0.999706, 0.0159203, -0.999985, 6.95897e-10, -4.36986e-08, 0.129091, -0.289089, 0)
progress = 3.30547

[node name="PathFollow3D_Node26" type="PathFollow3D" parent="TankTrackPath3D2"]
transform = Transform3D(-4.37107e-08, 0.00198006, 0.99983, 0, 0.99983, -0.00198006, -0.999985, -8.65511e-11, -4.3704e-08, -0.0509116, -0.289944, 0)
progress = 3.48547

[node name="TankTrackPath3D6" parent="." instance=ExtResource("1_23kbl")]
transform = Transform3D(-0.866025, 0.5, 3.78552e-08, 4.37114e-08, 1.91069e-15, 1, 0.5, 0.866025, -2.18557e-08, -0.8, 1.5, -2)
speed = 1.45

[node name="PathFollow3D_Node" type="PathFollow3D" parent="TankTrackPath3D6"]
transform = Transform3D(7.54954e-08, 0.00563011, 0.999818, -2.32827e-10, 0.999818, -0.00563011, -0.999985, 1.92266e-10, 7.54842e-08, -0.126665, -0.289665, 0)
progress = 3.56123

[node name="Tracks" parent="TankTrackPath3D6/PathFollow3D_Node" instance=ExtResource("2_hqyb5")]
transform = Transform3D(-4.37114e-08, 0, 1, 0, 1, 0, -1, 0, -4.37114e-08, 0, 0, 0)

[node name="PathFollow3D_Node2" type="PathFollow3D" parent="TankTrackPath3D6"]
transform = Transform3D(-4.37107e-08, 0.0220151, 0.999592, 0, 0.999592, -0.0220151, -0.999985, -9.62312e-10, -4.36936e-08, -0.306648, -0.287373, 0)
progress = 3.74123

[node name="PathFollow3D_Node3" type="PathFollow3D" parent="TankTrackPath3D6"]
transform = Transform3D(-4.36026e-08, 0.0579447, 0.998154, 1.86262e-09, 0.998154, -0.0579447, -0.999985, -6.67369e-10, -4.36307e-08, -0.486514, -0.280593, 0)
progress = 3.92123

[node name="PathFollow3D_Node4" type="PathFollow3D" parent="TankTrackPath3D6"]
transform = Transform3D(-4.37107e-08, 0.140106, 0.98997, 0, 0.98997, -0.140106, -0.999985, -6.12423e-09, -4.3273e-08, -0.665694, -0.26384, 0)
progress = 4.10123

[node name="PathFollow3D_Node5" type="PathFollow3D" parent="TankTrackPath3D6"]
transform = Transform3D(-4.37107e-08, 0.363283, 0.931501, 0, 0.931501, -0.363283, -0.999985, -1.58796e-08, -4.07172e-08, -0.840402, -0.222161, 0)
progress = 4.28123

[node name="PathFollow3D_Node6" type="PathFollow3D" parent="TankTrackPath3D6"]
transform = Transform3D(-2.2337e-07, 0.893426, 0.448843, 8.94056e-08, 0.448843, -0.893426, -0.999985, -1.59438e-07, -1.80138e-07, -0.976652, -0.111058, 0)
progress = 4.46123

[node name="PathFollow3D_Node7" type="PathFollow3D" parent="TankTrackPath3D6"]
transform = Transform3D(-2.87332e-07, 0.965361, -0.260278, -3.93069e-08, -0.260278, -0.965361, -0.999985, -2.67152e-07, 1.12733e-07, -0.991769, 0.0647682, 0)
progress = 0.0654764

[node name="PathFollow3D_Node8" type="PathFollow3D" parent="TankTrackPath3D6"]
transform = Transform3D(1.10236e-08, 0.572913, -0.819415, -1.23747e-07, -0.819415, -0.572913, -0.999985, 1.07717e-07, 6.18641e-08, -0.885927, 0.205673, 0)
progress = 0.245477

[node name="PathFollow3D_Node9" type="PathFollow3D" parent="TankTrackPath3D6"]
transform = Transform3D(7.006e-08, 0.301356, -0.95334, -8.3356e-08, -0.95334, -0.301356, -0.999985, 1.00581e-07, -4.16718e-08, -0.723339, 0.281296, 0)
progress = 0.425473

[node name="PathFollow3D_Node10" type="PathFollow3D" parent="TankTrackPath3D6"]
transform = Transform3D(5.83545e-08, 0.16748, -0.985708, -8.61863e-08, -0.985708, -0.16748, -0.999985, 9.47291e-08, -4.30866e-08, -0.548201, 0.322256, 0)
progress = 0.605474

[node name="PathFollow3D_Node11" type="PathFollow3D" parent="TankTrackPath3D6"]
transform = Transform3D(-6.76171e-08, 0.0901189, -0.995765, -8.70656e-08, -0.995765, -0.0901189, -0.999985, 8.06046e-08, 7.51782e-08, -0.369676, 0.344895, 0)
progress = 0.785474

[node name="PathFollow3D_Node12" type="PathFollow3D" parent="TankTrackPath3D6"]
transform = Transform3D(-7.20471e-08, 0.0394532, -0.999055, -8.73534e-08, -0.999055, -0.0394532, -0.999985, 8.44296e-08, 7.54265e-08, -0.190053, 0.356274, 0)
progress = 0.965474

[node name="PathFollow3D_Node13" type="PathFollow3D" parent="TankTrackPath3D6"]
transform = Transform3D(4.40083e-08, 0.00340276, -0.99983, -8.7421e-08, -0.99983, -0.00340276, -0.999985, 8.75572e-08, -4.3704e-08, -0.0100999, 0.359966, 0)
progress = 1.14547

[node name="PathFollow3D_Node14" type="PathFollow3D" parent="TankTrackPath3D6"]
transform = Transform3D(-7.81625e-08, -0.0304875, -0.99937, -8.73808e-08, -0.99937, 0.0304875, -0.999985, 8.97101e-08, 7.54503e-08, 0.169881, 0.357672, 0)
progress = 1.32547

[node name="PathFollow3D_Node15" type="PathFollow3D" parent="TankTrackPath3D6"]
transform = Transform3D(3.69203e-08, -0.0776621, -0.996813, -8.71573e-08, -0.996813, 0.0776621, -0.999985, 8.40135e-08, -4.35721e-08, 0.349615, 0.348196, 0)
progress = 1.50548

[node name="PathFollow3D_Node16" type="PathFollow3D" parent="TankTrackPath3D6"]
transform = Transform3D(-8.85307e-08, -0.149069, -0.988661, -8.64444e-08, -0.988661, 0.149069, -0.999985, 9.86628e-08, 7.46418e-08, 0.528473, 0.328282, 0)
progress = 1.68548

[node name="PathFollow3D_Node17" type="PathFollow3D" parent="TankTrackPath3D6"]
transform = Transform3D(1.99875e-08, -0.271322, -0.962317, -8.41411e-08, -0.962317, 0.271322, -0.999985, 7.55485e-08, -4.20642e-08, 0.704571, 0.291557, 0)
progress = 1.86548

[node name="PathFollow3D_Node18" type="PathFollow3D" parent="TankTrackPath3D6"]
transform = Transform3D(-1.1611e-07, -0.520431, -0.85371, 1.28926e-07, -0.85371, 0.520431, -0.999985, -4.96392e-08, 1.66223e-07, 0.870506, 0.22321, 0)
progress = 2.04548

[node name="PathFollow3D_Node19" type="PathFollow3D" parent="TankTrackPath3D6"]
transform = Transform3D(-5.25235e-08, -0.941478, -0.33658, 5.08299e-08, -0.33658, 0.941478, -0.999985, 3.23419e-08, 6.55346e-08, 0.987538, 0.091152, 0)
progress = 2.22548

[node name="PathFollow3D_Node20" type="PathFollow3D" parent="TankTrackPath3D6"]
transform = Transform3D(-4.37107e-08, -0.873633, 0.486245, 0, 0.486245, 0.873633, -0.999985, 3.81877e-08, -2.12545e-08, 0.976879, -0.0834795, 0)
progress = 2.40548

[node name="PathFollow3D_Node21" type="PathFollow3D" parent="TankTrackPath3D6"]
transform = Transform3D(-4.37107e-08, -0.397631, 0.917365, 0, 0.917365, 0.397631, -0.999985, 1.7381e-08, -4.00993e-08, 0.839025, -0.194171, 0)
progress = 2.58547

[node name="PathFollow3D_Node22" type="PathFollow3D" parent="TankTrackPath3D6"]
transform = Transform3D(7.25507e-08, -0.193921, 0.98085, 1.49009e-08, 0.98085, 0.193921, -0.999985, 5.46472e-10, 7.40521e-08, 0.666605, -0.24468, 0)
progress = 2.76547

[node name="PathFollow3D_Node23" type="PathFollow3D" parent="TankTrackPath3D6"]
transform = Transform3D(7.54968e-08, -0.101073, 0.994713, 0, 0.994713, 0.101073, -0.999985, -7.63081e-09, 7.50987e-08, 0.488498, -0.270324, 0)
progress = 2.94547

[node name="PathFollow3D_Node24" type="PathFollow3D" parent="TankTrackPath3D6"]
transform = Transform3D(-4.36193e-08, -0.0490173, 0.998632, -1.86262e-09, 0.998632, 0.0490173, -0.999985, 2.78036e-10, -4.36516e-08, 0.308996, -0.283444, 0)
progress = 3.12547

[node name="PathFollow3D_Node25" type="PathFollow3D" parent="TankTrackPath3D6"]
transform = Transform3D(-4.37107e-08, -0.0159203, 0.999708, 0, 0.999708, 0.0159203, -0.999985, 6.95898e-10, -4.36986e-08, 0.129091, -0.289089, 0)
progress = 3.30547

[node name="PathFollow3D_Node26" type="PathFollow3D" parent="TankTrackPath3D6"]
transform = Transform3D(-4.37107e-08, 0.00198006, 0.999832, 0, 0.999832, -0.00198006, -0.999985, -8.65513e-11, -4.37041e-08, -0.0509116, -0.289944, 0)
progress = 3.48547

[node name="TankTrackPath3D4" parent="." instance=ExtResource("1_23kbl")]
transform = Transform3D(-0.866025, -0.5, 3.78552e-08, 4.37114e-08, 3.44906e-15, 1, -0.5, 0.866025, 2.18557e-08, -0.9, 0.9, -0.6)
speed = -1.425

[node name="PathFollow3D_Node" type="PathFollow3D" parent="TankTrackPath3D4"]
transform = Transform3D(3.56503e-08, -0.092187, -0.995574, -8.70491e-08, -0.995574, 0.092187, -0.999985, 8.33785e-08, -4.35179e-08, 0.393263, 0.344481, 0)
progress = 1.54928

[node name="Tracks" parent="TankTrackPath3D4/PathFollow3D_Node" instance=ExtResource("2_hqyb5")]
transform = Transform3D(-4.37114e-08, 0, 1, 0, 1, 0, -1, 0, -4.37114e-08, 0, 0, 0)

[node name="PathFollow3D_Node2" type="PathFollow3D" parent="TankTrackPath3D4"]
transform = Transform3D(-9.05787e-08, -0.172491, -0.984843, -8.61107e-08, -0.984843, 0.172491, -0.999985, 1.00431e-07, 7.43535e-08, 0.571711, 0.321249, 0)
progress = 1.72928

[node name="PathFollow3D_Node3" type="PathFollow3D" parent="TankTrackPath3D4"]
transform = Transform3D(-1.03076e-07, -0.315427, -0.948772, -8.2957e-08, -0.948772, 0.315427, -0.999985, 1.11222e-07, 7.16303e-08, 0.746458, 0.278731, 0)
progress = 1.90928

[node name="PathFollow3D_Node4" type="PathFollow3D" parent="TankTrackPath3D4"]
transform = Transform3D(-1.02028e-08, -0.616605, -0.78706, -6.88175e-08, -0.78706, 0.616605, -0.999985, 6.04554e-08, -3.44035e-08, 0.906547, 0.198365, 0)
progress = 2.08928

[node name="PathFollow3D_Node5" type="PathFollow3D" parent="TankTrackPath3D4"]
transform = Transform3D(-4.28399e-08, -0.989874, -0.140769, -1.23083e-08, -0.140769, 0.989874, -0.999985, 4.41394e-08, -6.1532e-09, 0.997958, 0.0486838, 0)
progress = 2.26928

[node name="PathFollow3D_Node6" type="PathFollow3D" parent="TankTrackPath3D4"]
transform = Transform3D(-4.37107e-08, -0.742131, 0.670005, 0, 0.670005, 0.742131, -0.999985, 3.24396e-08, -2.92869e-08, 0.951338, -0.118937, 0)
progress = 2.44928

[node name="PathFollow3D_Node7" type="PathFollow3D" parent="TankTrackPath3D4"]
transform = Transform3D(-4.37107e-08, -0.329517, 0.943971, 0, 0.943971, 0.329517, -0.999985, 1.44036e-08, -4.12623e-08, 0.798205, -0.210039, 0)
progress = 2.62928

[node name="PathFollow3D_Node8" type="PathFollow3D" parent="TankTrackPath3D4"]
transform = Transform3D(7.54968e-08, -0.165269, 0.986079, 0, 0.986079, 0.165269, -0.999985, -1.24774e-08, 7.44469e-08, 0.623499, -0.252531, 0)
progress = 2.80928

[node name="PathFollow3D_Node9" type="PathFollow3D" parent="TankTrackPath3D4"]
transform = Transform3D(-4.37107e-08, -0.0858544, 0.996138, 0, 0.996138, 0.0858544, -0.999985, 3.75281e-09, -4.35426e-08, 0.444879, -0.274412, 0)
progress = 2.98928

[node name="PathFollow3D_Node10" type="PathFollow3D" parent="TankTrackPath3D4"]
transform = Transform3D(-1.62844e-07, -0.0396669, 0.999046, -1.86262e-09, 0.999046, 0.0396669, -0.999985, 4.59875e-09, -1.62765e-07, 0.265233, -0.285383, 0)
progress = 3.16928

[node name="PathFollow3D_Node11" type="PathFollow3D" parent="TankTrackPath3D4"]
transform = Transform3D(-4.37107e-08, -0.00962992, 0.999787, 0, 0.999787, 0.00962992, -0.999985, 4.20937e-10, -4.37021e-08, 0.0852901, -0.289646, 0)
progress = 3.34928

[node name="PathFollow3D_Node12" type="PathFollow3D" parent="TankTrackPath3D4"]
transform = Transform3D(7.54959e-08, 0.00390994, 0.999825, -2.32827e-10, 0.999825, -0.00390994, -0.999985, 6.2399e-11, 7.54847e-08, -0.0947136, -0.289816, 0)
progress = 3.52928

[node name="PathFollow3D_Node13" type="PathFollow3D" parent="TankTrackPath3D4"]
transform = Transform3D(-4.37276e-08, 0.0180775, 0.999669, -9.31309e-10, 0.999669, -0.0180775, -0.999985, -1.72151e-09, -4.36969e-08, -0.274705, -0.288012, 0)
progress = 3.70928

[node name="PathFollow3D_Node14" type="PathFollow3D" parent="TankTrackPath3D4"]
transform = Transform3D(-4.36187e-08, 0.0493509, 0.998614, 1.86262e-09, 0.998614, -0.0493509, -0.999985, -2.92588e-10, -4.36508e-08, -0.454607, -0.282304, 0)
progress = 3.88928

[node name="PathFollow3D_Node15" type="PathFollow3D" parent="TankTrackPath3D4"]
transform = Transform3D(-4.37107e-08, 0.119669, 0.992645, 0, 0.992645, -0.119669, -0.999985, -5.23088e-09, -4.33899e-08, -0.634009, -0.267981, 0)
progress = 4.06928

[node name="PathFollow3D_Node16" type="PathFollow3D" parent="TankTrackPath3D4"]
transform = Transform3D(7.07508e-08, 0.303429, 0.952681, -1.49009e-08, 0.952681, -0.303429, -0.999985, 7.27212e-09, 7.19254e-08, -0.810269, -0.232781, 0)
progress = 4.24928

[node name="PathFollow3D_Node17" type="PathFollow3D" parent="TankTrackPath3D4"]
transform = Transform3D(-4.37107e-08, 0.804531, 0.593631, 0, 0.593631, -0.804531, -0.999985, -3.51671e-08, -2.59484e-08, -0.95996, -0.138254, 0)
progress = 4.42928

[node name="PathFollow3D_Node18" type="PathFollow3D" parent="TankTrackPath3D4"]
transform = Transform3D(-4.49283e-08, 0.99177, -0.126717, -1.91367e-08, -0.126717, -0.99177, -0.999985, -4.21342e-08, 2.46728e-08, -0.997927, 0.0334417, 0)
progress = 0.0335236

[node name="PathFollow3D_Node19" type="PathFollow3D" parent="TankTrackPath3D4"]
transform = Transform3D(2.19206e-08, 0.645068, -0.763907, -1.15364e-07, -0.763907, -0.645068, -0.999985, 1.02269e-07, 5.76734e-08, -0.911275, 0.186227, 0)
progress = 0.213522

[node name="PathFollow3D_Node20" type="PathFollow3D" parent="TankTrackPath3D4"]
transform = Transform3D(7.30789e-08, 0.335881, -0.941727, -8.23409e-08, -0.941727, -0.335881, -0.999985, 1.0209e-07, -4.11642e-08, -0.753634, 0.271125, 0)
progress = 0.393522

[node name="PathFollow3D_Node21" type="PathFollow3D" parent="TankTrackPath3D4"]
transform = Transform3D(5.99521e-08, 0.185751, -0.982427, -8.58995e-08, -0.982427, -0.185751, -0.999985, 9.55276e-08, -4.29432e-08, -0.579647, 0.316617, 0)
progress = 0.573523

[node name="PathFollow3D_Node22" type="PathFollow3D" parent="TankTrackPath3D4"]
transform = Transform3D(-8.43613e-08, 0.101383, -0.99468, 8.69709e-08, -0.99468, -0.101383, -0.999985, -9.50624e-08, 7.50963e-08, -0.401476, 0.341838, 0)
progress = 0.753523

[node name="PathFollow3D_Node23" type="PathFollow3D" parent="TankTrackPath3D4"]
transform = Transform3D(3.95881e-08, 0.0471497, -0.998719, 8.73242e-08, -0.998719, -0.0471497, -0.999985, -8.53471e-08, -4.36554e-08, -0.221975, 0.354892, 0)
progress = 0.933523

[node name="PathFollow3D_Node24" type="PathFollow3D" parent="TankTrackPath3D4"]
transform = Transform3D(4.45009e-08, 0.00903677, -0.999793, -8.74179e-08, -0.999793, -0.00903677, -0.999985, 8.78032e-08, -4.37023e-08, -0.0420526, 0.359768, 0)
progress = 1.11352

[node name="PathFollow3D_Node25" type="PathFollow3D" parent="TankTrackPath3D4"]
transform = Transform3D(-7.75699e-08, -0.0237103, -0.999552, -8.73969e-08, -0.999552, 0.0237103, -0.999985, 8.91983e-08, 7.54641e-08, 0.137946, 0.358537, 0)
progress = 1.29352

[node name="PathFollow3D_Node26" type="PathFollow3D" parent="TankTrackPath3D4"]
transform = Transform3D(4.9652e-08, -0.06795, -0.997521, 8.72193e-08, -0.997521, 0.06795, -0.999985, -9.03784e-08, -4.3603e-08, 0.317752, 0.35052, 0)
progress = 1.47352

[node name="TankTrackPath3D5" parent="." instance=ExtResource("1_23kbl")]
transform = Transform3D(-0.866025, -0.5, 3.78552e-08, 4.37114e-08, 3.44906e-15, 1, -0.5, 0.866025, 2.18557e-08, -0.9, 1.5, -0.6)
speed = -1.425

[node name="PathFollow3D_Node" type="PathFollow3D" parent="TankTrackPath3D5"]
transform = Transform3D(3.56503e-08, -0.092187, -0.995574, -8.70491e-08, -0.995574, 0.092187, -0.999985, 8.33785e-08, -4.35179e-08, 0.393263, 0.344481, 0)
progress = 1.54928

[node name="Tracks" parent="TankTrackPath3D5/PathFollow3D_Node" instance=ExtResource("2_hqyb5")]
transform = Transform3D(-4.37114e-08, 0, 1, 0, 1, 0, -1, 0, -4.37114e-08, 0, 0, 0)

[node name="PathFollow3D_Node2" type="PathFollow3D" parent="TankTrackPath3D5"]
transform = Transform3D(-9.05787e-08, -0.17249, -0.98484, -8.61107e-08, -0.98484, 0.17249, -0.999985, 1.00431e-07, 7.43534e-08, 0.571711, 0.321249, 0)
progress = 1.72928

[node name="PathFollow3D_Node3" type="PathFollow3D" parent="TankTrackPath3D5"]
transform = Transform3D(-1.03076e-07, -0.315427, -0.948772, -8.2957e-08, -0.948772, 0.315427, -0.999985, 1.11222e-07, 7.16303e-08, 0.746458, 0.278731, 0)
progress = 1.90928

[node name="PathFollow3D_Node4" type="PathFollow3D" parent="TankTrackPath3D5"]
transform = Transform3D(-1.02028e-08, -0.616605, -0.78706, -6.88175e-08, -0.78706, 0.616605, -0.999985, 6.04554e-08, -3.44035e-08, 0.906547, 0.198365, 0)
progress = 2.08928

[node name="PathFollow3D_Node5" type="PathFollow3D" parent="TankTrackPath3D5"]
transform = Transform3D(-4.28399e-08, -0.989873, -0.140769, -1.23083e-08, -0.140769, 0.989873, -0.999985, 4.41394e-08, -6.15319e-09, 0.997958, 0.0486838, 0)
progress = 2.26928

[node name="PathFollow3D_Node6" type="PathFollow3D" parent="TankTrackPath3D5"]
transform = Transform3D(-4.37107e-08, -0.742131, 0.670005, 0, 0.670005, 0.742131, -0.999985, 3.24396e-08, -2.92869e-08, 0.951338, -0.118937, 0)
progress = 2.44928

[node name="PathFollow3D_Node7" type="PathFollow3D" parent="TankTrackPath3D5"]
transform = Transform3D(-4.37107e-08, -0.329517, 0.943971, 0, 0.943971, 0.329517, -0.999985, 1.44036e-08, -4.12623e-08, 0.798205, -0.210039, 0)
progress = 2.62928

[node name="PathFollow3D_Node8" type="PathFollow3D" parent="TankTrackPath3D5"]
transform = Transform3D(7.54968e-08, -0.165269, 0.986079, 0, 0.986079, 0.165269, -0.999985, -1.24774e-08, 7.44469e-08, 0.623499, -0.252531, 0)
progress = 2.80928

[node name="PathFollow3D_Node9" type="PathFollow3D" parent="TankTrackPath3D5"]
transform = Transform3D(-4.37107e-08, -0.0858543, 0.996138, 0, 0.996138, 0.0858543, -0.999985, 3.75281e-09, -4.35426e-08, 0.444879, -0.274412, 0)
progress = 2.98928

[node name="PathFollow3D_Node10" type="PathFollow3D" parent="TankTrackPath3D5"]
transform = Transform3D(-1.62844e-07, -0.0396669, 0.999045, -1.86262e-09, 0.999045, 0.0396669, -0.999985, 4.59875e-09, -1.62765e-07, 0.265233, -0.285383, 0)
progress = 3.16928

[node name="PathFollow3D_Node11" type="PathFollow3D" parent="TankTrackPath3D5"]
transform = Transform3D(-4.37107e-08, -0.00962991, 0.999786, 0, 0.999786, 0.00962991, -0.999985, 4.20937e-10, -4.3702e-08, 0.0852901, -0.289646, 0)
progress = 3.34928

[node name="PathFollow3D_Node12" type="PathFollow3D" parent="TankTrackPath3D5"]
transform = Transform3D(7.54959e-08, 0.00390994, 0.999823, -2.32827e-10, 0.999823, -0.00390994, -0.999985, 6.23989e-11, 7.54846e-08, -0.0947136, -0.289816, 0)
progress = 3.52928

[node name="PathFollow3D_Node13" type="PathFollow3D" parent="TankTrackPath3D5"]
transform = Transform3D(-4.37276e-08, 0.0180775, 0.999669, -9.31309e-10, 0.999669, -0.0180775, -0.999985, -1.72151e-09, -4.36969e-08, -0.274705, -0.288012, 0)
progress = 3.70928

[node name="PathFollow3D_Node14" type="PathFollow3D" parent="TankTrackPath3D5"]
transform = Transform3D(-4.36187e-08, 0.0493508, 0.998613, 1.86262e-09, 0.998613, -0.0493508, -0.999985, -2.92588e-10, -4.36508e-08, -0.454607, -0.282304, 0)
progress = 3.88928

[node name="PathFollow3D_Node15" type="PathFollow3D" parent="TankTrackPath3D5"]
transform = Transform3D(-4.37107e-08, 0.119669, 0.992645, 0, 0.992645, -0.119669, -0.999985, -5.23088e-09, -4.33899e-08, -0.634009, -0.267981, 0)
progress = 4.06928

[node name="PathFollow3D_Node16" type="PathFollow3D" parent="TankTrackPath3D5"]
transform = Transform3D(7.07508e-08, 0.303428, 0.952679, -1.49009e-08, 0.952679, -0.303428, -0.999985, 7.27211e-09, 7.19252e-08, -0.810269, -0.232781, 0)
progress = 4.24928

[node name="PathFollow3D_Node17" type="PathFollow3D" parent="TankTrackPath3D5"]
transform = Transform3D(-4.37107e-08, 0.804531, 0.593631, 0, 0.593631, -0.804531, -0.999985, -3.51671e-08, -2.59484e-08, -0.95996, -0.138254, 0)
progress = 4.42928

[node name="PathFollow3D_Node18" type="PathFollow3D" parent="TankTrackPath3D5"]
transform = Transform3D(-4.49283e-08, 0.991769, -0.126717, -1.91367e-08, -0.126717, -0.991769, -0.999985, -4.21342e-08, 2.46728e-08, -0.997927, 0.0334417, 0)
progress = 0.0335236

[node name="PathFollow3D_Node19" type="PathFollow3D" parent="TankTrackPath3D5"]
